NOAA 15                 
1 25338U 98030A   25194.53803207  .00000164  00000+0  84918-4 0  9994
2 25338  98.5338 218.8497 0009024 258.4023 101.6145 14.26995929412996
DMSP 5D-3 F16 (USA 172) 
1 28054U 03048A   25194.61337740 -.00000011  00000+0  18248-4 0  9995
2 28054  99.0122 210.7548 0007810  33.2860  63.8257 14.14359934121625
NOAA 18                 
1 28654U 05018A   25194.52576500  .00000067  00000+0  58721-4 0  9999
2 28654  98.8421 273.6200 0014791  37.2753 322.9443 14.13618575 38467
METEOSAT-9 (MSG-2)      
1 28912U 05049B   25193.78364156  .00000130  00000+0  00000+0 0  9992
2 28912   8.5835  57.4166 0001385 359.6492 201.6477  1.00270138  3605
EWS-G1 (GOES 13)        
1 29155U 06018A   25194.14374639  .00000068  00000+0  00000+0 0  9997
2 29155   3.6472  80.6031 0059630 267.3080  56.2216  0.98784643 39893
DMSP 5D-3 F17 (USA 191) 
1 29522U 06050A   25194.58689940  .00000006  00000+0  25415-4 0  9997
2 29522  98.7386 203.1004 0009149 307.3871  52.6469 14.14839925964530
FENGYUN 3A              
1 32958U 08026A   25194.57226542  .00000071  00000+0  54161-4 0  9995
2 32958  98.6485 137.5072 0009314  30.2723 329.8990 14.19453913887360
NOAA 19                 
1 33591U 09005A   25194.60849365  .00000159  00000+0  10866-3 0  9995
2 33591  98.9959 259.5017 0012661 267.1561  92.8162 14.13388693846658
GOES 14                 
1 35491U 09033A   25194.57544620 -.00000061  00000+0  00000+0 0  9997
2 35491   0.8015  87.6780 0002922  70.6433 232.4619  1.00274122  3191
DMSP 5D-3 F18 (USA 210) 
1 35951U 09057A   25194.59549373  .00000198  00000+0  12568-3 0  9992
2 35951  98.8610 171.9265 0011967 129.3213 230.9023 14.14651434811713
EWS-G2 (GOES 15)        
1 36411U 10008A   25194.59653510  .00000046  00000+0  00000+0 0  9997
2 36411   0.4021  85.3298 0003351 109.2549  13.1716  1.00272842 56243
COMS 1                  
1 36744U 10032A   25194.58389678 -.00000338  00000+0  00000+0 0  9998
2 36744   3.9478  79.6057 0001022  31.5719 158.8459  1.00271835 47695
FENGYUN 3B              
1 37214U 10059A   25194.56977412  .00000041  00000+0  44564-4 0  9995
2 37214  99.0110 233.2773 0023103  67.2397  95.6199 14.14737802759545
SUOMI NPP               
1 37849U 11061A   25194.58588962  .00000058  00000+0  48297-4 0  9998
2 37849  98.7580 133.4798 0001081 162.6259 197.4955 14.19545430710404
METEOSAT-10 (MSG-3)     
1 38552U 12035B   25194.20309875  .00000007  00000+0  00000+0 0  9994
2 38552   3.8657  62.0481 0000949  72.9295 230.2197  1.00280250 47453
METOP-B                 
1 38771U 12049A   25194.60657926  .00000078  00000+0  55187-4 0  9998
2 38771  98.5752 247.8624 0000630 136.9569 223.1658 14.21463774665165
INSAT-3D                
1 39216U 13038B   25194.58557814 -.00000332  00000+0  00000+0 0  9997
2 39216   1.0479  87.2073 0000820  53.5620 131.2949  1.00269078 43685
FENGYUN 3C              
1 39260U 13052A   25194.57433589  .00000046  00000+0  44526-4 0  9990
2 39260  98.4559 179.8266 0013478 279.4858  80.4794 14.15634926610658
METEOR-M 2              
1 40069U 14037A   25194.55219419  .00000067  00000+0  50041-4 0  9997
2 40069  98.4694 178.1206 0004766 309.4039  50.6717 14.21308088571214
HIMAWARI-8              
1 40267U 14060A   25194.58774481 -.00000268  00000+0  00000+0 0  9990
2 40267   0.0067 341.6957 0000918 131.5926 170.6595  1.00271951 39353
FENGYUN 2G              
1 40367U 14090A   25194.57959811 -.00000293  00000+0  00000+0 0  9993
2 40367   4.7786  76.9603 0004111 140.4139  22.2807  1.00261849 38603
METEOSAT-11 (MSG-4)     
1 40732U 15034A   25194.35322750  .00000069  00000+0  00000+0 0  9990
2 40732   2.3527  72.3800 0000756 113.9309 241.5414  1.00270781  3810
ELEKTRO-L 2             
1 41105U 15074A   25194.36989248 -.00000111  00000+0  00000+0 0  9990
2 41105   5.8357  74.7193 0001085 175.7158 159.7590  1.00271215 35104
INSAT-3DR               
1 41752U 16054A   25194.58239248 -.00000069  00000+0  00000+0 0  9991
2 41752   0.0736  92.1206 0010245 172.8093 310.4364  1.00270664 32427
HIMAWARI-9              
1 41836U 16064A   25194.58774481 -.00000267  00000+0  00000+0 0  9998
2 41836   0.0075 356.7612 0001516 136.5271 150.7735  1.00270589 31817
GOES 16                 
1 41866U 16071A   25194.49072469 -.00000082  00000+0  00000+0 0  9991
2 41866   0.0370 218.6232 0001232 296.8115 208.1204  1.00271512 31708
FENGYUN 4A              
1 41882U 16077A   25194.58436480 -.00000350  00000+0  00000+0 0  9990
2 41882   1.4566  84.0359 0006516 169.1531  12.5511  1.00275265 31535
CYGFM05                 
1 41884U 16078A   25194.53506654  .00010884  00000+0  25389-3 0  9992
2 41884  34.9617 315.9456 0009414 203.8118 156.2167 15.41345517476226
CYGFM04                 
1 41885U 16078B   25194.58257704  .00012263  00000+0  26738-3 0  9999
2 41885  34.9366 294.0461 0008870 226.8146 133.1833 15.43339443476375
CYGFM02                 
1 41886U 16078C   25194.56903568  .00012488  00000+0  26423-3 0  9994
2 41886  34.9453 294.1494 0010427 220.7559 139.2382 15.44206709476489
CYGFM01                 
1 41887U 16078D   25194.64278518  .00011378  00000+0  26187-3 0  9998
2 41887  34.9454 318.5702 0008845 192.5669 167.4831 15.41744827476176
CYGFM08                 
1 41888U 16078E   25194.60769280  .00011980  00000+0  26675-3 0  9997
2 41888  34.9479 303.3166 0010979 215.9584 144.0398 15.42699598476384
CYGFM07                 
1 41890U 16078G   25194.60333263  .00011850  00000+0  25889-3 0  9990
2 41890  34.9491 293.1863 0009266 232.8269 127.1605 15.43283312476394
CYGFM03                 
1 41891U 16078H   25194.61410721  .00011657  00000+0  25692-3 0  9994
2 41891  34.9444 294.8035 0008252 218.1678 141.8458 15.43034948476373
FENGYUN 3D              
1 43010U 17072A   25194.57370092  .00000052  00000+0  46201-4 0  9992
2 43010  98.9640 158.8093 0000858 347.9741  12.1414 14.19637534396943
NOAA 20 (JPSS-1)        
1 43013U 17073A   25194.60184967  .00000043  00000+0  41381-4 0  9998
2 43013  98.7411 132.7415 0001377 127.2197 232.9105 14.19545217396439
GOES 17                 
1 43226U 18022A   25194.54207559 -.00000174  00000+0  00000+0 0  9999
2 43226   0.0685 105.4665 0001300 134.0944 157.7461  1.00270229 27029
FENGYUN 2H              
1 43491U 18050A   25194.57552477 -.00000121  00000+0  00000+0 0  9991
2 43491   2.1557  83.1598 0001885 113.0809  21.7532  1.00274915 26042
METOP-C                 
1 43689U 18087A   25194.57167132  .00000070  00000+0  52129-4 0  9996
2 43689  98.7140 254.4747 0002323  84.2518 275.8924 14.21495478346726
GEO-KOMPSAT-2A          
1 43823U 18100A   25194.58410590 -.00000336  00000+0  00000+0 0  9994
2 43823   0.0364 143.3405 0002228 321.6331 165.2607  1.00271374 24231
METEOR-M2 2             
1 44387U 19038A   25194.57084191  .00000024  00000+0  29988-4 0  9998
2 44387  98.8761 172.5895 0000173 329.8548  30.2620 14.24215752313096
ARKTIKA-M 1             
1 47719U 21016A   25188.56783479 -.00000061  00000+0  00000+0 0  9997
2 47719  63.1494 105.0602 7121258 268.6885  16.4397  2.00621558 31889
FENGYUN 3E              
1 49008U 21062A   25194.53209285 -.00000008  00000+0  16850-4 0  9999
2 49008  98.7423 196.8481 0001763  26.9814 333.1454 14.19869619208524
GOES 18                 
1 51850U 22021A   25194.54627907  .00000105  00000+0  00000+0 0  9991
2 51850   0.0024  90.9437 0000424  87.5216 172.8581  1.00272301  3199
NOAA 21 (JPSS-2)        
1 54234U 22150A   25194.56733658  .00000044  00000+0  41653-4 0  9992
2 54234  98.7273 132.9505 0002758  80.0745 280.0742 14.19543758138504
METEOSAT-12 (MTG-I1)    
1 54743U 22170C   25194.35877987  .00000000  00000+0  00000+0 0  9998
2 54743   0.6522  30.6080 0001713  85.2389 304.4202  1.00270939  9582
TIANMU-1 03             
1 55973U 23039A   25194.58175988  .00008931  00000+0  25843-3 0  9993
2 55973  97.5033 353.7361 0002858 216.9661 143.1386 15.35840948128677
TIANMU-1 04             
1 55974U 23039B   25194.58907420  .00008975  00000+0  25766-3 0  9990
2 55974  97.4962 353.0126 0003751 216.5346 143.5643 15.36083450128677
TIANMU-1 05             
1 55975U 23039C   25194.55203823  .00008702  00000+0  25209-3 0  9994
2 55975  97.5010 353.4450 0002231 247.6979 112.4027 15.35815022128652
TIANMU-1 06             
1 55976U 23039D   25194.59788871  .00008979  00000+0  25715-3 0  9998
2 55976  97.5023 353.8413 0002673 240.5397 119.5580 15.36162493128678
METEOR-M2 3             
1 57166U 23091A   25194.57022589 -.00000006  00000+0  16430-4 0  9993
2 57166  98.6595 250.5601 0005112  79.0709 281.1045 14.24003590106320
TIANMU-1 07             
1 57399U 23101A   25194.58984058  .00004507  00000+0  18113-3 0  9990
2 57399  97.3088 247.8871 0002617 240.9975 119.1002 15.25430049109949
TIANMU-1 08             
1 57400U 23101B   25194.62161501  .00004658  00000+0  18706-3 0  9993
2 57400  97.3076 247.7407 0004564 253.1338 106.9400 15.25430848109948
TIANMU-1 09             
1 57401U 23101C   25194.60652366  .00004667  00000+0  18772-3 0  9999
2 57401  97.3031 247.3320 0003752 251.1511 108.9321 15.25375528109946
TIANMU-1 10             
1 57402U 23101D   25194.57389385  .00004786  46220-8  19005-3 0  9999
2 57402  97.3113 247.9900 0005588 254.1790 105.8832 15.25358584109934
FENGYUN 3F              
1 57490U 23111A   25194.59094535  .00000043  00000+0  40536-4 0  9992
2 57490  98.7260 265.1858 0001827  73.3404 286.7973 14.20051634100811
ARKTIKA-M 2             
1 58584U 23198A   25192.29674921  .00000219  00000+0  00000+0 0  9992
2 58584  63.2315 191.7200 6869027 268.7341  18.5396  2.00600855 11483
TIANMU-1 11             
1 58645U 23205A   25194.55071132  .00004172  00000+0  18353-3 0  9991
2 58645  97.3708 216.9698 0011623 114.7331 245.5117 15.22356106 85928
TIANMU-1 12             
1 58646U 23205B   25194.56849667  .00004107  00000+0  18100-3 0  9997
2 58646  97.3694 216.8397 0009842 104.3006 255.9324 15.22323080 85911
TIANMU-1 13             
1 58647U 23205C   25194.53606171  .00004458  00000+0  19632-3 0  9996
2 58647  97.3723 216.9519 0009941  87.5555 272.6819 15.22298583 85906
TIANMU-1 14             
1 58648U 23205D   25194.58463420  .00004247  00000+0  18700-3 0  9991
2 58648  97.3651 216.4897 0010979  91.3955 268.8539 15.22318269 85912
TIANMU-1 19             
1 58660U 23208A   25194.54637665  .00005512  00000+0  22687-3 0  9993
2 58660  97.4310 306.4268 0007176  79.9365 280.2682 15.24516088 85618
TIANMU-1 20             
1 58661U 23208B   25194.58683081  .00005812  00000+0  23051-3 0  9990
2 58661  97.4245 306.7650 0009715  86.8324 273.4026 15.25720181 85671
TIANMU-1 21             
1 58662U 23208C   25194.60904667  .00006694  00000+0  24977-3 0  9997
2 58662  97.4290 308.0916 0009213  84.8079 275.4211 15.27703156 85741
TIANMU-1 22             
1 58663U 23208D   25194.59926317  .00005462  00000+0  22514-3 0  9999
2 58663  97.4305 306.5784 0005863  98.5347 261.6555 15.24478819 85630
TIANMU-1 15             
1 58700U 24004A   25194.58457814  .00004498  00000+0  19868-3 0  9992
2 58700  97.4658  16.8684 0008348 103.0255 257.1914 15.22211990 84185
TIANMU-1 16             
1 58701U 24004B   25194.56820918  .00004402  00000+0  19428-3 0  9997
2 58701  97.4592  16.3711 0008648 107.6332 252.5849 15.22252662 84185
TIANMU-1 17             
1 58702U 24004C   25194.61682745  .00004144  00000+0  18228-3 0  9998
2 58702  97.4630  16.7619 0007288 107.6892 252.5140 15.22413902 84180
TIANMU-1 18             
1 58703U 24004D   25194.60114027  .00004180  00000+0  18437-3 0  9993
2 58703  97.4648  16.9037 0007186  98.3546 261.8505 15.22312784 84189
INSAT-3DS               
1 58990U 24033A   25194.57683736 -.00000149  00000+0  00000+0 0  9992
2 58990   0.0982 264.4351 0001374 219.4149  97.6062  1.00272775 43673
METEOR-M2 4             
1 59051U 24039A   25194.55052457  .00000004  00000+0  21070-4 0  9999
2 59051  98.6510 154.0601 0008228  72.8319 287.3759 14.22371134 71128
GOES 19                 
1 60133U 24119A   25194.54493560 -.00000240  00000+0  00000+0 0  9992
2 60133   0.0177 123.2981 0000195  69.1765 220.1670  1.00272369  3567
